1109323993
1265523634
1657286194
1873934342
284977544
1076481102
1439086126
1119313
1509694671
324867705
1675913539
2022215069
1244074813
701629373
1747138207
213400246
985527566
1067866163
2085494746
75968288
1280186381
444267294
652677616
1305590152
762921508
679593909
745477082
1945868124
86166146
1077438462
1458865351
216043382
2012570471
1608694742
664060924
315540979
1088386703
1933405709
1826241605
1230584610
534289976
696875438
1412787478
1543899032
1889625298
136020316
601828164
1094911841
1289164099
1780873943
517731161
1120192081
1548223956
1805865118
1648084887
27172728
412182459
2067086255
649048972
354427315
743851333
127973226
1271246670
1727195999
1668282528
2103579027
1412250708
1714769705
1794311490
1036695670
1743959537
1098986497
40361466
1397917989
138735470
1242808877
29737361
945848285
397957570
1606520698
1245083676
1659554951
1135905520
254549133
1426873057
1712090458
1131192574
350786903
557887716
321819037
1813027469
102033063
1793526285
818292362
678256410
1750555353
1508041463
956960847
764596432
1368788908
276265815
1569501486
32694791
1979103026
597584135
1164673220
1717717085
638334432
621810094
82941286
1880295279
647942085
1647432974
188096935
162180405
1347729112
508580330
982386678
2073672183
1254878314
776523666
1538770532
2121747952
1368623034
1990948364
1134238852
1694226046
1224840103
739286753
74050923
669455618
1447286144
175515777
721813463
273250650
2086465271
1084118611
1759993452
32401912
1277455669
1849190238
326711833
1470411679
251098887
2142481805
136269978
259783354
1538321461
60854178
1576270102
1499572313
249227251
1880063930
871307496
1014328520
251181169
18124920
363356795
1989480910
862420365
2098655953
510353486
1335948927
2026160296
1115571828
268037655
712388286
1143830422
423904980
541188611
372301907
1008534703
277872339
1368705052
714676133
1364911618
896027916
1069330884
340127252
1700717994
375268029
263666526
1537637365
1895742776
1164674896
135268876
995995691
456474191
2076904068
249963410
366331742
2072130127
333180733
750494297
1900133595
1189298986
232913124
778397584
2014228232
1289314130
573859196
1156091245
262984066
1886595795
81673795
569211794
540485333
1594634109
1147848960
516726666
1987763159
746167865
1379632111
825682802
181583521
634950524
183612999
1128029364
1339616043
507441370
1875656549
1326771439
465069955
1783561650
1727721110
1035235059
1066011050
977215752
1802718598
2012740072
1698930955
6956656
1097295680
490972302
1677065625
571580453
1639822816
164721310
721817220
264443961
2104623325
1725855312
1364652695
602530535
1144624621
762398710
1486779441
1268941828
348251796
1506088389
83561181
486652308
654783565
1939254708
888806545
1573936505
590452051
1925514109
942594176
928936006
1673608204
1980552385
2112202140
1923268402
1429703443
188689736
2013642412
948025128
645472224
525118822
1332884997
1139611388
1014865430
1157338233
2027240168
1471632055
1948558698
826061198
1179916920
865114643
315882539
737377315
1104680534
1473287170
1752799345
1036498695
738183899
2106524008
1816973798
324738910
118390513
1765710058
1272227372
35899841
787109774
1151372766
1173199338
861138818
1427114190
647779426
946364535
2009206285
821182124
997086344
1057166369
1892702825
337942365
1322868399
1351706905
1946200798
295020874
1873924845
532997375
22157489
1570320040
894864808
114083078
1507310603
154865845
1134218052
412474564
1212941304
669363344
962942198
711808921
786058378
779176886
1828481208
1640883897
1544582430
1809345045
1941630549
1389200855
1459902646
363594702
1625467812
345677935
341125766
379372684
696797649
1566179760
1357830282
664900220
1699814870
975411461
1551218260
1645317864
2047329802
24296767
102945252
1242515059
436981456
650066017
1069380783
109341427
611430512
2143225351
560231106
1246302438
611031042
1134906995
1176635904
646384275
828935558
691128373
1592734599
546937535
1230940433
1781287543
1006070065
1462982920
1007560994
1687878114
1891369270
521650657
601250835
1748900401
1732665839
1020496938
202534571
2017668688
1527410613
1849065067
1292063184
777105712
2039396072
1568873901
724371801
799953194
461763596
1559506933
920704514
64370701
1021164557
150842462
496159865
2084735430
2139104931
36590289
682658709
1872552875
256015568
108053860
1712841638
1781548644
1138298247
2017369421
1076322535
1181643894
935881319
516265345
63949584
832073581
1934519972
463897838
288148488
177823142
2084672007
326599249
538709944
1317913270
1980443147
690891700
2033012475
1944425594
524901161
531409800
825939889
1630426813
1735367726
1601942875
2049000435
402327423
302566855
1122325557
1720070753
565331432
220989471
1674052757
1955131798
1072152009
761618591
1245131779
1219834045
1928102346
887491028
418766930
1589569341
1220150
845369199
1453961332
294634896
274386528
1271009381
1542488313
589406513
612884144
564427063
2095578662
1537633716
2072110413
894033996
802588078
498431215
1949047657
772589177
203303440
1807654998
653443364
1028201891
1343639948
1157612901
839063069
649402236
259394243
2059732790
1811288220
2052644457
1581306090
1627160370
475471189
813021828
927537578
272006884
444256730
351487165
1962387096
1311694057
1982733217
124873243
79443020
705748740
1770329516
688398625
1358676256
703492942
1746489051
1160368971
1411007879
545032842
955902666
1579916471
2097240071
1748075927
973907816
1338418145
937613012
1753204734
1950707990
1553460103
2089701643
976593323
277532535
592978091
2197896
304931257
2012746970
1935345335
1439173988
1485276262
1947392577
368985018
1195603982
467406374
588771854
371814097
297115397
839599571
2052889417
201155233
1866432303
1965170689
931356560
1332672000
1444636121
885378416
1838196124
1223253171
528904012
1364524698
1533125227
1565954642
464852232
1548258925
1179185935
657477960
231744928
848225811
1883162899
1856124919
926097457
1824558060
969356165
2137906680
695897472
1665232797
185577125
1447803775
1929416879
1086956866
2121122856
1829758173
584026524
1703502271
586884649
319274016
1400259287
1397172788
1026051757
1710611157
1025951037
882133135
191188433
836998638
1321241397
899856187
1863389331
1188273598
1685613959
227071477
5900857
1633115168
1163674580
1844599232
591383137
104911544
479580854
1384319471
1930668455
2084887377
1605386612
1202125919
1498371820
880659558
299692386
2069177031
1593487177
1786553276
552087763
1954814760
1103555216
1175910700
1490805692
1826510174
1042007675
1854020479
2127944679
1925300185
1312029300
1672468850
1140406992
2028490085
917560832
1449629912
574478112
140101156
123849673
425623007
601243587
899446174
1375365958
129729642
445945512
1117874159
549169929
1142984094
1220549909
1287784479
2001065381
77562745
1271983012
1282412943
881249081
68342940
824504286
1477830286
77466014
1380100649
748218738
338984459
2101398825
1177835975
2057421073
1496136293
826487837
387429826
246297322
645471070
1024454320
681442640
1759405757
1483988271
1822860728
1497386735
589213598
1350088373
1423041010
272080617
655117640
938969289
659021295
2076595193
928950556
293892269
1358318748
1058262024
1316825269
1271975841
1634713196
1935420176
1209094184
421263766
1794240292
381351458
912690653
1394269434
2120672834
696065154
2045028868
179901874
716665867
1909403888
512193463
2039151910
828650800
652653826
1350952362
2138007925
1950541596
613513388
1745132689
450424266
1678800605
1686384610
391321871
1084329414
1642386604
1005682772
1165027158
373880349
891041307
201648472
1594844767
2116840509
1419383002
2129725414
345409735
432588584
537180197
2138495164
931039557
1300882274
542975694
105101986
1916153028
1764762630
96804834
828248776
1668074529
244036340
721317883
1916048715
160497539
1196839461
684767522
753030102
826828113
1701818399
951047006
1593431141
657628884
1271746947
1028877277
667652645
1645296747
1361985988
2047945918
868248184
806351717
422829298
1901418361
371628052
470030207
271540
1009409004
1222114891
1269821945
355414613
1191089666
2039129701
1309028439
1666742261
1533017090
629698857
1370703025
1950196448
1171793778
202972795
611725751
658510075
1326432933
1043983647
1622137925
548596570
1720124648
1903178907
1067949215
419370991
1277265733
666401595
1844799817
1028609118
790518770
1172941358
1072534918
856288236
427422298
612114894
460307819
1090689685
1019605445
916361213
1924798878
1948667708
1104925862
1157532331
846992560
1787535101
1913761409
1120473203
2012650517
1517149086
1399137911
205992293
1210468028
264625957
805785711
1631404511
375065423
1376960131
1433710307
636950932
1222828041
362132846
1651459908
47317166
690503214
585612620
174412555
993856784
2004558636
713318731
1051572061
1286787508
424331596
1724678541
1932266842
1480286772
1283453461
792516481
1593877763
1806945380
797654077
1446980941
1602587845
461916700
423141196
221928039
1654671270
199265555
1024509648
1064580931
503348235
361866982
1520609079
354015783
1843299620
1302277945
454772300
1198886682
466710772
1305307636
1186419025
1528765690
1275237632
65032111
1517927093
602540461
1962771348
1472166440
1338784114
1772007280
255708076
485824241
652354565
1329993035
436768134
972956199
528728331
102603941
1505136066
1371818844
1643104117
1346811379
1223954738
629016214
1684170856
790097548
2101766980
355953521
1294785716
146262425
603703561
462333023
985534446
1702819368
1445487329
1071173648
1110221611
514233439
823975621
621827820
2069635420
1176525773
796151089
431740605
1935335233
1984009436
34917036
629991018
1337172235
1816590179
518287349
786961374
2143666067
1506189400
757390028
553360904
359147312
268857507
402798938
1218481403
1204234808
1476413197
461857341
2065295925
1479721239
1338156887
2104959796
2013264636
1746039301
284393575
52662372
1264680676
2064497255
363062173
836681285
1417876590
206271428
461283141
632090668
1489307083
253251170
248040997
404153717
1798954942
1777081212
1707773493
670797644
746345631
1346847011
858206318
363534617
1501105531
668815791
1838109627
17419654
1799957337
1301766367
1781300492
9962029
805591704
1053315220
1816977034
547673059
1220377203
1679224615
1766793189
1816403356
30079655
2042978658
381229512
41726969
1881944363
1773859362
2128713326
137006965
1802439198
783090055
1438927182
1793142567
722310079
781544917
345526258
894770740
1861290133
149975018
1790225894
119023061
1556093359
1486980444
1381193163
509761025
821582598
1501471278
1056600459
467316407
531551230
268076079
1792850854
2020922346
2068960779
1239065072
863820715
1361434120
1745247089
1995624288
1097652163
570997033
1650282531
271077894
440520040
53216465
205604557
52412121
1071989555
390874722
155401198
1435802559
544245202
1288966177
1945446684
2047827617
1658036760
708353762
1122716267
1746797607
1305521710
1087565907
1902712809
368908309
829240295
390575075
869078336
207792449
1644604978
2064457805
1923004799
746210096
215231400
1849972677
584306930
1404610381
1055803461
1552721085
1117182765
446668741
2065158196
1498511700
1437468456
1047913985
982810051
1626913628
62558084
939308737
1333814390
317032198
654465260
703352274
577878839
219951660
1618072726
588915564
1389877163
1444346427
2065844457
356476202
1822772383
2057791164
655409721
1610859686
1400913313
1127680637
1374948781
668489136
185801131
2113596768
576995394
2062538283
1313410811
358058175
1928096744
400382341
258255358
1332207739
4670666
783806929
773075306
469295776
303143083
380735619
1309569387
32692150
2076809836
1886976199
1903937525
918375847
1394615210
1159871870
1905943608
1715898184
1217474180
927917270
1523174194
262019717
973793658
1619422084
1989727070
1092814638
1765730161
1623294369
666003850
46149720
1714359763
1572207391
1404604614
2033631857
717226707
806817254
727854968
161787876
1739914702
2120030095
547838861
284036709
1922366413
409060539
110163914
437436121
347568679
416355345
1635488832
1701210597
1714878787
1186811604
510305246
934771474
2112465275
1244377373
864565536
1146250394
769967133
1003559865
1547607014
2048464338
9777803
504482209
1939614303
2000367155
893404546
827106066
755439396
2132416262
1978228343
1596614729
349025889
1663880620
1346735389
162696669
687418414
753518727
632570628
1055605944
1108569596
1350172809
323247963
510117811
1080994090
1155451223
1824453846
1392486606
202064055
1457832473
2024098730
1771796489
1150989330
458803425
1965408693
170835425
1332797710
1192786613
526600892
1195172714
530199281
1332111931
1898279628
843465221
803500203
990041856
21161153
1507079359
277937188
395071332
2130089701
1949214022
1975678126
993543974
2012209072
95628937
1168428698
665472136
913298605
1257082603
1424888294
540091934
1145730430
1855112227
919015956
1453048633
1598571766
1845217971
495882518
46958826
189600356
1901239042
828268389
13641141
1894962415
1861459480
383855408
807777748
1611897629
892302326
369152177
800629284
1126936686
1715242384
1197481372
694764464
2058173221
627407976
1586502066
1283978713
1081127974
2046384584
882902642
1089921311
662813434
1842579356
472410094
392259726
2042488816
1310579945
811894971
1656538055
1261657695
1926508526
963840770
1119088554
755433734
70299606
395131059
106545053
184961684
773971990
1863181530
1830713724
637987907
1558097769
2057031690
775095837
1106670750
1614464102
2094572021
1121607806
1528717412
1294252474
2125769245
793415054
1724192645
525968392
1679341989
1380517524
1176139849
1819597658
1629128769
1245913152
1734783632
2058920514
193279564
367106124
987518260
148628625
1715903993
1587483599
1113231242
712173491
1735083425
1616640030
1677379848
1775003302
551413050
904308831
1318375680
435827605
1966903528
915788203
395774090
1507072277
1675934381
218304479
784599169
78992635
318266685
894358784
1690133923
1931519703
1588707821
515579208
1557877980
1509723154
2013295561
1735989713
197857692
1649992607
1346441668
48143325
250218596
793301857
1443549706
1819978432
175236961
1592748313
1923655794
978144875
1852430127
755699978
1845568015
2086484117
2115190206
2008259628
915351526
950441607
927763794
473968648
767490745
982054277
1565180324
101063222
564517378
688833492
1412582694
142025073
952100859
1581750380
1805801572
565546580
575077594
202836796
1901155718
1268630964
250493723
49055765
1351092722
1260973721
1836668661
561325620
1203261454
1317649881
1508090606
1881091695
1690235683
823927123
62526346
1490524666
246687581
1389503685
1108118559
1566864342
396640239
2060716619
1141761732
1103341272
289563987
942616693
171919720
446980690
1069624751
1464795139
66746878
587849568
1503205715
1630845759
293077974
571011280
1078138207
1033283831
1982406663
117335983
1022183042
551335190
1066038025
1714615916
655523293
1241006303
1083429215
574741676
1304484357
1945533637
1253727601
845301161
1164064295
2005419497
2117955704
126346055
1528899910
925901104
827056274
684584885
1185904545
485920256
127292917
459825084
660535344
202279576
859603264
1443475368
1884033100
257410057
1070474477
803755215
1760102254
885623765
225838051
1861582274
2108396815
489245987
1282664232
403139344
1947347631
1486936987
820776116
559172274
2077006834
930387428
132477280
1614749718
481027812
1608447415
758482941
1707533003
406257245
378980256
774836098
696294853
1920899200
1751049297
122870365
2089285966
237511517
1943135651
924612842
1759394186
1942495671
956952874
980539649
753294245
916869599
275534451
123473066
112040859
755638463
341982941
698386924
35277987
1045695219
918797585
498423234
76516921
2106633745
1473202719
1451207727
380831686
637299721
693663286
544462697
1919579375
1547346600
1996575488
1109788720
175729783
2029099319
259403160
843522370
251947986
2909760
408989225
1921353703
2101662023
242626416
1589581604
1022962599
2039090880
1026966936
1629355549
801314588
1541340977
965394125
75397187
1803287522
1441720483
869748912
1561875578
705842090
1924420828
2090355912
692559127
1542426734
917801645
686145803
1617836855
1506137535
346886616
747691644
1426470332
627119418
54872987
1896212462
1177462245
275101721
858573277
1765739238
2034572169
606363621
1789898484
1480107166
155110128
1522288713
114622481
1855821094
2064678478
449360898
1060074569
1307206309
1646912733
15398643
1598548544
87035582
1031305622
348770134
1469140596
1644929038
1445976971
582475788
1523080227
1031111121
1767444964
457063957
1209942747
1205599140
2038945140
593830682
624155292
749609829
1051498999
853800743
1834725547
523291446
275493098
1367540599
1886639862
256708001
525172743
1175208040
1603076127
891304406
941712732
1951256718
522392103
126812687
984384263
201841379
1988360632
1092218388
1389841552
692622876
348399630
617559002
1302351843
852784919
166512003
1536571463
382227432
1105564784
1300644535
2052266513
1226016449
116158770
316838489
128239812
1522341279
439189674
1110766996
1248217570
1710630977
272225624
1077536024
683929124
127851019
779521279
865091779
750737631
880241343
441297884
1871548396
579427202
2020704474
123484403
1122614348
491177788
271382413
1629261188
1371230602
667252410
128537175
1749608861
1015278434
175698446
309104699
581009353
1243421809
1793732267
309442723
100813286
718321567
1220283789
532487121
552081684
1416365609
1906202997
1478091006
1741255369
810292297
1109600082
82058257
790555906
1842994821
1099340475
1299989757
1992285076
1078970770
1345794201
1135905463
930300065
579759842
1953288674
1104550867
610406949
501049297
1736380544
795090618
1050085040
2035638631
2114916432
203666314
2047425326
167469771
446676550
1271658890
1156719586
65654853
234821549
1706472008
1350851186
1105351918
2098029452
177847378
77593371
1525447927
2082168868
408633229
1610244868
1473735314
325486231
2098595125
1853505969
1093775232
373991075
1006703985
1298534286
271643960
1236417675
1623544978
1871846315
313769393
1916994326
1769830888
1411154567
1050814156
1440375728
281565761
1939374085
1522273
373655215
94052351
653241980
646640869
2128274865
1568713429
1205265642
1749929141
1607950881
424472862
631080520
464069633
2000617944
396287193
1970877432
1719971672
128029664
293125701
140309850
254245579
1403363155
996085269
1628046975
1663817665
2109742690
980343121
746168309
1470635351
606447473
475582665
2015504833
595772785
434751072
1489212981
974089067
1502023778
1502308325
971473134
1970039603
1941436724
1056528661
1658827843
1813433953
1060234388
1703410945
2144338297
1178512570
474485853
427915901
339521379
1494411535
806455743
1863042044
644407705
1680425199
1542037516
221510551
1558313304
869426556
1730365983
35968300
690612726
2147323739
468876393
889567395
223877888
416554949
821947801
1423607372
1646793202
720175291
96729063
236453732
283557266
503354966
866125054
278852791
1151524073
1031877436
74092164
2106621279
227711967
2139693615
1896111431
168794026
1885871986
323909311
373182725
1571337754
1525701523
1843263264
941202136
1860033157
1802710173
1298239766
519107644
509477213
1853967986
768338956
777649342
869842698
919366452
747227717
722896964
1246433651
502209437
1827867433
1189103603
1932560284
793662204
935346369
1255528384
1750335850
1830506701
1642523198
1517738647
1965910401
982831603
1242400180
1376612129
1055779662
127392660
141150948
649979702
1269974817
603724177
1315864886
1759136735
1844119153
45968032
122913477
1092999174
990147140
1161024521
1599708821
1745695676
668224934
389330681
248851424
85645863
544306774
562807174
849690765
29078534
200912257
644330816
1122671810
861835491
562817702
2059320688
833650064
783927508
1048689304
435138288
250259661
1529671917
752372898
429992871
1489970176
1181297733
1541533636
2025145247
205990004
1013531555
920838684
213372356
2014971503
116084166
1229485152
1863799355
2007878013
481317454
618111880
2052849756
853839845
677572938
731933320
2098055758
81438525
130857311
2144677435
1404198974
574136345
1586656913
2063189339
115172667
982362847
648700849
1515437741
962123697
1239003062
1757661284
943564602
579946369
1563669405
1048980939
1125724855
978391993
510672024
8844244
1060653062
772770293
1341425412
79081757
928191445
1095524689
782138892
477390720
119628645
2134747913
955681076
1108031295
1066379621
69071536
400515347
348117709
1609314044
1498015754
516504862
1130222903
1097798374
481856646
1261489310
1141431597
1523046582
1070497371
570920131
1268100785
302344761
448568125
1152003539
1064701275
274304251
1109644476
1734531451
636903750
2064051683
1480306746
1010846790
902297755
1599669497
1859554439
996660267
372873144
787952456
737568539
2098685504
1840292348
173579487
1222015727
1919819149
915391793
380920049
922333944
2078577916
945598871
1268904476
1435732544
71544428
1514473609
1960276167
52466595
1946122468
2109426638
170920356
752714532
1682245604
1181169535
293763669
1939813098
1172647384
1286705296
1391459882
1492893146
464726950
6951420
2069234953
677145042
151881574
302432913
361838183
1326562174
892886065
359046485
1751540338
1753132507
1041470738
1165366932
1682842449
1434822470
363635994
322086791
1680478339
1882285632
1297247888
2096310947
439780964
1337835457
1867197252
1999467131
1031414734
424126773
20400132
1791894866
1403273180
472492055
296305960
356419393
299743690
1174495529
1923731016
1409580289
279160056
2066522445
1910528782
1814278486
1635349261
953670147
1762380582
145450777
691559993
1394453376
1669042002
46866912
1226569106
467056231
2121339289
1493233483
1871170976
389189415
467283615
1159117550
1442871028
1705397488
1808839184
1716565718
1947335923
483053138
1054337078
1694859962
1627410096
168586613
940603051
125393856
1547834359
1143963119
1554763304
132136680
2097975399
2001243717
535537531
1165985817
465524407
125634305
1980702103
2108045254
1189654041
1230004588
1809192645
893102397
621259707
1141624809
1289539321
1805067148
1245651562
1469174254
203191616
667897616
1308404305
1749863839
2088431188
827799963
977871584
1367304457
983756370
1412379457
824979656
430898424
243186563
1657433536
1784830498
30153589
214109270
950986889
1153270447
1673708511
2099024495
2003030895
1157737018
131825316
1323951320
68891115
873197338
326122141
1444191061
1246112009
1974466260
1653302788
917998806
1519387123
1092091613
112549138
1978483462
892504857
347469692
119269433
1870714113
1121395193
253242062
1929454587
476871458
1927434128
1633292771
1922747494
1077169657
1975288157
932321798
1910539820
1751171676
201918734
2041003035
735534947
147035285
694496458
1871013920
89285077
434828473
1557901850
81127126
126071045
408020504
1196813684
1246819193
985091519
1335485392
1067057254
1871703978
801651034
1686699132
1148620892
1411101550
485642894
1271445258
456581134
661166927
1949230572
1972712106
251581832
1302992544
1139772414
751899619
2078086871
889296862
1047170811
1768550591
920258381
1202252082
23441959
1673661991
1974275954
712378131
874501317
1141858377
430848391
865518345
1883736762
443342901
1622199480
365203596
225731776
1507485832
1951674589
1016397323
100287043
582511423
2141390060
85031944
2076813019
2073031341
1210905087
1518941280
839232871
1984724871
1506174206
750375849
598201026
731149853
56752361
370689716
445870629
1053158563
2057960389
1699778097
679374105
107531438
1337792544
1545857650
431102231
1405376954
1767361857
29278536
410987710
802508519
1415905265
194232329
1223755439
356705733
2064289248
1809832884
712525832
21248068
325807542
408088875
646601852
97292238
740787639
135456670
926099980
1693209456
1555694354
847992585
821019236
155019059
1691982790
374985939
595365844
1015869065
344638770
1497835671
992942057
836862947
2102036791
566217472
261819816
1771837280
1144603659
465711310
910429542
249743007
2014786717
215974901
345570375
132652981
416901537
215190756
957064529
2081841466
1077687607
1820503523
526831148
718104958
329314620
267973269
841915768
73082585
1113030188
661869981
360369355
1883339552
1154516657
799833693
1693958214
2094638132
2008822221
1018714330
1580416466
68443060
1919520161
416156091
464199164
412549074
1819647192
529916017
803205227
954808131
144543923
654903664
1469263354
1357619792
1878415793
1254810266
385364598
730286858
579098842
574616509
949540853
546219674
2060491688
44346675
430058961
2017728951
1581624467
1697001128
1541104960
872878640
1651810871
933328889
424717713
1634199465
142849829
558990903
173890053
1534317922
915559491
427491018
668748616
1619885875
2004031456
1428957874
1048262283
918262676
442172248
747774953
1830618175
2082356440
783128928
1280325349
1216421999
1179988858
377509615
433363513
1974023866
1563124624
426545354
720748123
810841068
1073362780
1064132522
2069206912
1392445241
151369986
1366811915
289170340
1539718421
1068752211
500617876
368217766
1492987315
1293183431
95862302
1396274831
2126747927
718538634
241134690
1115484659
2083531482
1519138221
602856516
382966384
1815674746
1535831165
1202551990
1057094995
1612244315
1120396273
1843369802
1620374619
69038942
1894420284
1693358424
988383381
70364957
2082668419
444958152
884793702
884645056
1749614505
895908221
784654759
840348287
1381489477
284413023
1912222954
1390856628
1913807541
675674370
1925623515
1456916379
612490828
718279928
1867972290
1854265258
1161544359
1990673328
217897253
1293005191
369432605
1092496905
788453771
1044776107
161982292
741091447
1518698075
1294517137
1589386481
245912016
598261986
1194174618
1257076327
1633391796
85453683
1013378688
837626353
804328855
378367912
36623989
1108646810
1635465069
677027527
1805989335
1118278009
960233712
804472385
1939203474
636778747
272780433
547312212
26250515
1061842776
2144980217
2088286415
1841816293
386539304
845320250
918425078
1280711914
890610958
1283804055
90588539
308668982
615828882
1048861164
988299692
169537675
667295245
960362172
846262957
311060333
1458191037
317906901
577562586
1598294754
1214143481
2108499874
796284238
812990408
412329086
1456841229
1652993922
758375378
425478887
1640166926
2027626253
446423840
1407494203
1819540949
208481929
1271025019
1975344544
1993850768
2102736022
1639073066
186442542
748677337
486677496
1263780211
1532096991
339695295
1946831836
149012145
893737634
704959600
76780088
1561662991
134282382
1692064384
436998736
16963294
664448052
1974974680
558651732
1249942425
1824325133
399914302
39508774
1162802290
1500841490
1292191868
1091254586
82944408
806043243
2136884272
2142754199
1235154696
1503586111
991644464
1031427066
1235969037
1964921258
347907735
1873791769
2011936854
1496033229
264905072
1734313989
509108402
1537532926
2045129982
1382507944
476411242
1090439456
389771174
1010752110
94835771
797822478
623452283
584187393
1427578862
1549078065
1025175907
1267198252
994647958
119697714
1816639978
1327231457
1672124262
1002462152
944665763
1051157846
171562284
418929586
552395062
20021833
495110766
287793345
49937675
695571813
1741762079
1650144525
1627856018
460011965
671137790
1719273032
1026363180
513466228
1774725004
1240461871
574052281
1703467647
879265960
904636444
657859519
2107857795
1827899336
1098011065
1478511411
1648612568
142284758
329520335
590955240
245001647
1444547493
76390460
1644399505
635585872
1316619534
1173902851
608618356
1093101691
1038810027
1911669885
750338222
1246984944
1760179503
1515995310
466569757
1262761739
347744609
518362035
716145901
1165952391
1544186803
2052967766
1425126594
1841762147
1514558595
750218692
1816030335
1921993697
1217577965
2098935894
1069579698
1394093227
1768880202
311239051
1061008540
253798929
1894912586
1858398743
1966803680
1317835117
257851562
2100566292
1298733766
1096685480
1407069585
148645719
928529709
956223957
827189133
431148510
901798923
1949586939
212607013
1526696293
1595876258
1096738288
598129178
377259287
363846722
1927587424
1669677375
758529634
225105588
1175585773
149456370
1648907235
1668216138
761268336
1160656438
1909133697
160856961
773554782
374779502
783051669
1537273424
1928593479
1001708472
1843936071
65957648
1059570295
2014554596
2143202804
417700615
955376831
1996101392
356841931
1885575570
397550158
1039050465
421235063
883335919
790214072
2108460896
1851126006
1620961701
1117714201
1036556654
1674845577
219050128
1941011027
1021923046
831607492
724236172
1271041906
806727758
2011473605
2092288190
760358705
1582779448
930598785
1210437754
1391345046
1990210107
1190409018
1966410196
680725688
305322889
775114253
441772486
1430022561
2102510381
2101255847
107352827
1406979406
1415448548
2025614360
1583037494
1114942419
2020086165
145348287
1757664098
332192667
556455021
110610021
809076534
1988161229
1796860827
1428645735
569672068
1857192139
271869349
1683753226
33340447
1426889172
1565637733
816008947
1328249447
1976462025
1631326884
978438062
2098631027
260489997
1992454482
1877023340
162515161
522044037
815750751
1738415562
444415516
199256511
1497089848
1489521100
913593523
1922681391
1184618721
1703483112
1146051762
1954527379
197328811
96533567
1649326615
32834424
1177938067
529587942
240711348
805392343
328531511
1759634531
284805300
436133335
1714912117
1914354228
24557515
1501599670
2010566050
1288733832
498117374
2029448386
1482399844
179488273
410274060
1346378369
1616481581
743748337
2026878328
356034032
274466900
1911259345
1671615540
397076201
1198966226
2025874961
780656107
600352669
1043689365
403577369
1392815851
113769025
1386882948
1785514190
928111278
376211142
77066000
1391233825
1703620100
811119296
1429057139
1034786497
460188126
890643816
1041773961
1413904113
1854120121
2063288765
1132277831
1237041267
1868382372
1183551685
22456540
1028772516
1223717872
315250161
1984319842
775444385
534913652
1884579742
99708737
353916327
724270458
873616824
115991073
1728627577
1756602442
236308601
297164937
209367546
1540255568
1222000975
1330881561
1835875546
699531244
1017497564
791273312
600478829
1266578134
1895572759
713914203
676500119
453561132
893349519
471308939
1930194148
232254490
1327154128
2064838578
1291859380
558597925
1499480030
545404457
118619795
1448568084
1510031582
931811809
1952681383
926552955
2012760020
1407638772
2059319362
2092736741
2100417159
1311242471
274306200
192524701
1622520193
1080670591
753325194
520410905
11041843
312550204
393722785
221230084
1247077685
1361074038
811221526
1035540199
40292522
573777939
754259725
856348019
1694379714
172944611
1422676963
703451757
1113439321
887362712
1031066268
1290287158
702147517
806194021
1818835327
1257279990
460216204
851554609
9629118
685837669
354697660
963262840
990527308
608227126
1113243829
394522303
171196371
1093526560
2015976601
1002238898
1226430142
454097033
1168113315
915913691
364561521
149725394
1957901485
1535284737
626550425
1160551481
1330768587
1295467035
2019504029
1115036783
2073156885
1169403119
1976754995
163625911
1412572035
2144635724
789629456
311454647
1409767920
1043082976
293351095
253970143
693831233
1673236151
1197249907
1080741491
1107295903
1834556753
955924832
1465302838
1811395039
225486430
1912387747
1123042997
1428182019
1224805912
1717049785
128385837
1017254106
1206938685
1624323053
1620957210
1121027778
966565032
275608803
643580253
169864078
412483467
690150738
1068068616
1771396482
2001978187
669863631
471929801
89653883
118272504
1043440836
1357279218
1007335212
123018344
19671679
2102969121
1517826179
1213340911
925835366
7663249
1445695786
1138494396
1322197577
172143099
1902482729
1735237331
1994809552
199789866
1735234984
1859833762
1186250771
1936191514
1102038738
1445085251
1920077129
1177813964
1754149334
2027780685
59284887
1114633641
878710023
1937768791
1065469962
1850101648
1140012067
1666896650
848481440
1310295678
538813105
232361698
1104140929
233212377
732492419
2001215361
510920523
1521794393
574619739
826498992
1116219787
452683668
1344731306
1852101875
748660807
1998274340
1904750196
862009799
1937863095
1309368438
119815759
659763578
1820617493
1220777522
1163534217
1625759655
1531562890
1298300482
837018985
171097421
1685386311
1345107329
242160270
2027070859
1713862581
1827329026
1451458677
1695659003
1501635012
964600826
68812054
1023520424
1531900768
1466211659
1744036013
1026184621
1687233282
199053230
1935080854
1332449899
1018123363
2118845819
610626641
1535189094
1077107019
2089453848
1258214822
1457629629
584445319
710055676
1108409570
957935940
1471021048
1368663647
311913535
2111587392
1971993288
1997427328
1449543009
1620184510
1090886840
443240082
1331320829
1232668048
1961039253
1760063044
2076754068
1621693669
1892235210
325184748
1428844893
107981444
1572221198
624672079
908339009
78305445
529882173
1269517327
525430016
492975724
258137669
553303729
1992388209
898768642
106881079
471652682
251559398
126715986
2014910589
1525765319
1675972014
673467229
1203139883
663490517
1402929076
1484740667
803068270
1800283251
820071748
1375858607
290848801
2084998162
1263151342
1628871781
296596862
1522572389
1600150659
155207114
979941873
12666571
1469629756
1404262024
1295958024
1343792215
853012475
801149085
1612650375
473692280
1969354665
152750359
1526904729
871691338
1931913150
1562010990
1128233504
112567416
1542849758
288691326
1865054765
1856836555
1401519521
529390879
1854187403
1513049172
43001195
443104354
2139865462
1564737842
1865448314
638758251
1991969385
1641663233
685268991
1845269734
728377109
114327775
1289484643
1933126183
1923988077
980146204
1634626474
1199216610
1396994270
2087195773
1057711093
439496323
437537949
561853229
597072417
684335660
1910973720
574200385
1046907533
2096295497
1339190158
1348728550
323078650
2083854544
1327851194
1764004906
137000331
201961242
888813482
1907430499
2093572331
1497855577
1874401711
1018828608
1518519437
643328438
1059221357
654898794
1943555599
420134920
887836434
439640790
483955896
1753895730
767647652
800410794
454693920
297984793
1908799858
1771184073
440397551
28921408
526228396
250412797
1416158141
1374779907
1387260175
1252149184
810335769
2086159469
1887796664
326060199
2001964453
100956598
1333006362
342733932
1958235486
1477928796
2073980683
1487862678
771028218
1538606812
2127892216
1175148231
1482706538
1394039309
1102903353
1147857826
1043655039
834482970
99485824
478942806
910714793
1449148954
2044107114
573604300
1336705498
841245262
79806008
1783322729
157764233
590463222
2092853911
1357215616
746999250
420485072
1282995355
680603480
875057594
476108078
25002955
2098575828
231970961
1637182386
1525751637
219361733
1487578992
1486398377
515386722
492991689
972010210
1572169730
173823364
830536157
954659743
267593962
183556172
1427064455
363480435
1581747717
450072057
334056601
1912902206
1895748170
513400394
55220898
1192340244
53986171
920396661
1667557623
642208132
1994784576
671550000
476982617
718689014
337422303
1392615660
756285251
1293858862
2081254042
846194721
1964291795
593505005
1556828582
1271190980
303779922
1761596342
2048818115
1985207766
1703001698
852431278
2033021820
1816211990
938341571
1322421917
840073213
1118898903
511219137
1597985041
1061087628
319384300
550554686
2061209249
1416874918
1268707519
792689752
315301967
230141623
2044487297
186946742
590060295
866763636
1811800955
388754036
2128752196
830945753
938700932
1520675241
1337821906
264555962
218907019
1270154385
78656430
1407599368
1842001492
1734372188
1015790345
618605475
265450560
1588147858
1114344811
1986261206
610601796
1525763617
705039605
1388821108
1098299388
1724118788
663019199
1777560972
1227617496
81236370
74542175
1984666827
346664052
2004922977
1473297291
1772020847
1387069190
1137549269
1926880726
1645464548
259828977
1403510344
803494550
287631101
26564726
1246368983
1784681703
1319866576
370339978
414397639
1795051464
1264925230
1550628546
556035475
1389072994
384099773
2008969834
1741035411
1022643817
203557812
1940947638
1541955402
493505179
661634867
1698275856
194452300
683602790
876252989
789597328
1996805834
1734792102
773406035
1003412362
1229437628
1985779596
1596195758
1538033728
1352900521
1558059930
1321714968
1516152760
1824993814
1759783370
201728103
1851298217
429306761
303933135
1911095703
39175311
939360824
935399795
478145155
1812003038
2087203155
1821595167
564579648
398718290
647732203
1412503673
2126115350
762779237
221903998
2098705704
1624769308
1759812314
1997386528
775773619
134936431
990046071
1572996166
1499189383
1883387918
2122978256
464304690
2055687959
152303701
1195127357
1297101559
308515870
341924885
1409082605
502007080
1818405888
2077795660
1607201300
1567294753
1511371086
529154950
905947456
400561393
1842712424
1475952335
1037503433
2016397539
1107955005
1239226451
1841875559
924551847
423068206
416471701
921913822
776176930
970962705
974959432
1172504788
1048527567
373855570
1424691405
715628739
2126612688
327378483
270523722
1678089225
859478165
2126087219
1839993187
1738062620
1010082343
1475313805
1127315608
1679135452
1272500498
339599063
1511399739
1721945601
373816813
521054411
1012175372
362830771
1457041031
1549876259
1588297587
1631696185
947695280
1770640541
1040276057
910265545
552283041
611873822
679195299
868767613
1255201801
728427251
1754269515
8668263
1771462325
36168242
953368093
721965755
1910872538
1251797567
2082905356
1743870251
798590210
454537067
1521794862
1344991312
818964369
1282578102
1587453787
1612403267
219100660
1485776053
2061529693
2090623308
1197823845
1232908431
1702341332
362358706
2112536156
701498657
785326249
2064270001
1416027541
2132324930
1904997933
218155658
1108190138
439021600
2124772557
966158772
598230958
2051086025
198949748
756184368
382881654
1172687814
566540413
343865338
617601987
1598564321
1751419219
1315292059
1116267040
590165768
1295907240
127711196
268804020
1044796490
2107210830
67736469
1594044085
577373182
1997313973
540590243
981190762
874843651
1018257410
1839705336
1995234778
1534310945
144521416
1473929931
224252182
1280258190
1755297893
81605105
1682749728
1396252813
1724262140
332291140
1985165943
791670577
254653194
2090391359
1831607872
1603784768
1962284455
1548244140
23261715
633948978
1095237723
1919935604
1577163358
1295765081
1291734683
2032116118
413426042
1523257882
1429640415
1593506867
1478208840
763375193
1283278689
21516997
650847623
95642611
1058230899
1668000880
887665846
409582692
1418632829
222922353
238710176
1419886986
1635031443
1202439859
1033437065
955559809
671449263
605160832
250413811
1973789356
568378000
897024084
154667277
672031701
940996142
615262157
1377761209
275879020
171933400
2047040191
435805241
1823743212
1727371244
1584529509
1665531509
1434181467
1377706547
1490998194
1293524715
1842335728
1401826518
1015206341
1652910387
2142614990
1346098177
1071963514
1598440750
1015805423
555265811
1616562717
896192715
1109518876
242395263
1965760313
708471925
1542940184
1626618178
1116604303
1734370333
448015581
129147393
620821794
1455185631
217200638
1288199102
1875371119
1273093971
1744950059
2036570678
120547514
149110387
729591251
1519671771
995068804
1226910500
1735206116
656610153
667580697
186538083
1419847342
1676726055
1198707781
2053612557
1838428901
2037576125
956680999
790339658
1515329733
493403308
257451805
371263895
988558672
2106465389
815573471
38425455
2092241843
1919876650
752495016
874321302
1116893639
2117601043
1417608846
240567298
1987300018
102049631
1747514099
892648294
293317038
855384800
1066666260
748440668
600581858
407423296
907708350
639635246
1078661228
1559377885
1350819873
1982491201
1782079872
1660690239
623042237
65656094
2050607530
364684850
1637398905
278528542
145237551
708781189
1478077650
1225636018
664268690
387288925
434698800
42977868
509852978
904794422
286079317
518925294
848306448
1457514360
488312558
1500044877
13778351
993673138
1971550796
2012147361
687249428
2102488693
1479805996
1009678860
1719388141
1609726415
548042930
857816484
772589518
2020249955
654448245
244178207
2143340438
2031070754
1192819891
990816794
1128432368
1100034984
248746661
20010502
1272921589
1907035445
585138670
1439668399
1729997295
1338204230
1347165741
1534555498
1392448569
1730318031
366048177
356149467
1704026434
712434456
457723724
1831168353
1813935536
2060508977
1794289984
43533342
1965936545
517655059
1021394263
1834057894
1473720844
559789141
1598904847
1106023747
1622238278
986697352
817942769
375576034
1058416545
1397459759
491643394
2105288607
77899055
1720493662
337108051
228795112
251508132
1913113837
488336819
1927343696
1422493017
1065565529
296156037
394247154
961295981
2019712057
1734768300
2006414208
1833386758
884725336
2070625442
1077326567
314540469
619809395
122664872
999485345
1738264056
1450906768
1738510360
2068652694
1594783448
948401401
187195606
1963264175
1132180915
1353182420
1273233637
1254859258
338792212
578669152
1257018390
2032548211
803839934
554073806
981185754
1105059701
2094233544
138213305
1182345529
309059773
1626228194
1207752260
313701596
756179990
602059957
2097397199
1285405252
624490663
1652161641
1949733973
647789853
1427603157
1499286080
2056531558
1061943213
1756788182
18399327
2132574395
226252135
796022740
714043309
990581115
809845916
572542649
1833029076
2041905929
323514705
1666001821
1444825445
2009510536
1019714347
1836329674
774618648
119702508
1926813831
1327083112
374844208
1222776254
2111486118
789494218
1294872061
1402254956
1232279301
912562003
308273787
1818858826
369005003
1315222278
1524231192
471976233
2005120348
1842828202
1626769555
470673042
1545342731
1386511510
185642752
1973190560
1802926316
1040507422
1168858344
1270515575
1589186759
1722645146
629494669
1310471012
549350440
1279186447
863774539
856986515
2039528339
711591549
1814930201
109821287
1849601748
592413381
636789295
1602683258
2060520565
205065780
1632543170
1999914801
342167113
1956007600
201944299
1008814074
1549710630
766794621
49046693
1004078117
1416062384
1554198189
1309083125
2976604
1621114959
331383586
562458660
1100534464
926205506
1561217345
1779289384
1292006050
1903263181
309558325
1814666785
1114293723
197879694
1474871773
951324159
1865958601
1929393902
167698259
604015680
531273190
163864499
667135002
629608919
922873350
1400056497
577424867
632001064
1724512813
1845896096
1911170812
88357424
789794058
2069647881
1083081046
382287810
953936404
1420742491
118202417
901980908
555165760
1645702170
1867743846
171467640
1330562652
73872951
288571217
1504300174
1381673739
1817563770
1827702873
1438423159
1841982046
1416608539
1820948765
1277415036
854805259
1647875441
1953038396
533617901
986129740
1339551938
1526516417
1458934077
1564742998
897179705
943602730
1551872075
907189108
896664053
1234083091
1197772988
996631488
2135336254
1407142532
75381123
1444384638
1966268882
413224915
881698434
1939995157
277451358
1040479543
1230763338
979211179
1355826184
1195666667
602037247
1554287452
646466857
